1.667 
3.433 
1.333 
1.133 
1.733 
1.633 
1.3 
3.4 
1.067 
1.0 
1.0 
1.767 
0.4 
0.767 
2.5 
0.867 
0.333 
1.4 
1.267 
1.1 
2.0 
1.6 
0.6 
1.267 
1.233 
2.567 
0.233 
0.6 
1.0 
3.2 
1.8 
0.8 
1.4 
1.6 
0.467 
0.2 
1.2 
1.6 
2.333 
2.733 
3.667 
3.5 
4.367 
0.4 
0.4 
3.767 
1.367 
1.1 
0.7 
0.233 
0.2 
1.6 
1.3 
2.9 
1.0 
0.833 
2.9 
1.7 
1.367 
1.4 
2.333 
1.167 
1.567 
0.467 
0.833 
1.533 
1.633 
1.7 
1.5 
0.667 
0.967 
0.6 
0.967 
1.267 
4.467 
1.5 
1.267 
1.333 
2.733 
1.133 
2.133 
1.7 
1.4 
2.0 
2.1 
0.433 
3.967 
0.2 
3.767 
1.033 
2.0 
0.6 
0.2 
2.133 
1.033 
1.567 
1.2 
0.567 
1.4 
3.433 
2.1 
1.433 
1.833 
2.7 
1.3 
3.467 
1.3 
0.6 
1.2 
1.933 
0.3 
0.933 
0.567 
0.767 
2.4 
0.5 
0.633 
0.5 
1.8 
