82.3 83.967 1.667 
739.6 743.033 3.433 
954.267 955.6 1.333 
1130.467 1131.6 1.133 
1180.2 1181.933 1.733 
1400.8 1402.433 1.633 
1507.433 1508.733 1.3 
1726.933 1730.333 3.4 
1842.033 1843.1 1.067 
2610.2 2611.2 1.0 
2719.733 2720.733 1.0 
3157.933 3159.7 1.767 
3268.233 3268.633 0.4 
3491.167 3491.933 0.767 
3598.5 3601.0 2.5 
3821.367 3822.233 0.867 
3930.533 3930.867 0.333 
4038.4 4039.8 1.4 
4259.933 4261.2 1.267 
4361.833 4362.933 1.1 
4479.6 4481.6 2.0 
4700.467 4702.067 1.6 
4730.633 4731.233 0.6 
5005.367 5006.633 1.267 
5029.9 5031.133 1.233 
5800.033 5802.6 2.567 
6240.433 6240.667 0.233 
6791.2 6791.8 0.6 
7009.8 7010.8 1.0 
7113.7 7116.9 3.2 
7229.4 7231.2 1.8 
7340.4 7341.2 0.8 
7780.3 7781.7 1.4 
7889.567 7891.167 1.6 
8001.0 8001.467 0.467 
8218.4 8218.6 0.2 
8329.7 8330.9 1.2 
9212.3 9213.9 1.6 
10857.733 10860.067 2.333 
12395.867 12398.6 2.733 
12536.967 12540.633 3.667 
12975.767 12979.267 3.5 
13167.067 13171.433 4.367 
13608.467 13608.867 0.4 
13645.533 13645.933 0.4 
13890.467 13894.233 3.767 
13896.467 13897.833 1.367 
13937.767 13938.867 1.1 
14379.367 14380.067 0.7 
14873.833 14874.067 0.233 
15153.567 15153.767 0.2 
15180.633 15182.233 1.6 
15365.967 15367.267 1.3 
15584.833 15587.733 2.9 
15805.067 15806.067 1.0 
16248.167 16249.0 0.833 
16355.633 16358.533 2.9 
16403.133 16404.833 1.7 
16716.733 16718.1 1.367 
16798.567 16799.967 1.4 
17014.433 17016.767 2.333 
18451.0 18452.167 1.167 
18560.2 18561.767 1.567 
19553.433 19553.9 0.467 
20539.9 20540.733 0.833 
20650.0 20651.533 1.533 
20759.2 20760.833 1.633 
20868.533 20870.233 1.7 
20978.5 20980.0 1.5 
21088.933 21089.6 0.667 
21198.633 21199.6 0.967 
21532.567 21533.167 0.6 
21630.867 21631.833 0.967 
21757.767 21759.033 1.267 
21973.733 21978.2 4.467 
22086.167 22087.667 1.5 
22748.367 22749.633 1.267 
22859.833 22861.167 1.333 
24152.833 24155.567 2.733 
24497.233 24498.367 1.133 
24721.033 24723.167 2.133 
24944.167 24945.867 1.7 
25055.667 25057.067 1.4 
25275.633 25277.633 2.0 
25483.233 25485.333 2.1 
27037.2 27037.633 0.433 
27694.467 27698.433 3.967 
27910.833 27911.033 0.2 
28023.933 28027.7 3.767 
28134.533 28135.567 1.033 
28243.833 28245.833 2.0 
28356.633 28357.233 0.6 
28573.8 28574.0 0.2 
28794.5 28796.633 2.133 
29012.0 29013.033 1.033 
29108.7 29110.267 1.567 
29234.033 29235.233 1.2 
29554.733 29555.3 0.567 
29671.833 29673.233 1.4 
29775.2 29778.633 3.433 
29784.2 29786.3 2.1 
30209.2 30210.633 1.433 
30330.9 30332.733 1.833 
30442.333 30445.033 2.7 
30545.233 30546.533 1.3 
30728.0 30731.467 3.467 
30752.533 30753.833 1.3 
31102.633 31103.233 0.6 
31308.433 31309.633 1.2 
31313.2 31315.133 1.933 
31425.833 31426.133 0.3 
31654.9 31655.833 0.933 
31761.433 31762.0 0.567 
31983.8 31984.567 0.767 
32193.333 32195.733 2.4 
32520.867 32521.367 0.5 
32621.933 32622.567 0.633 
33739.3 33739.8 0.5 
33849.767 33851.567 1.8 
